00264
04238
06094
01639
09297
07821
09046
04020
07174
09104
05166
05185
01760
07874
01000
07256
08188
08017
06113
04157
07908
06002
04161
04125
08254
06017
10017
08068
07833
05224
00439
09026
04019
04249
21033
10341
01088
00056
08190
09126
05142
09117
00017
01803
07850
10084
05297
09294
10038
03166
10249
10309
06013
04138
00062
08236
09040
05274
06147
08123
05190
07750
10045
08255
09187
09216
10190
00336
08014
05051
10051
07265
06061
05319
05215
09055
09123
08211
08138
04112
04109
00251
01574
21024
07820
21032
10286
21030
00323
06124
00189
04089
05095
09177
07292
03059
06119
09203
09043
05316
04227
03099
04098
09252
10259
04218
07228
06174
04158
06122
06121
09082
09245
05213
08201
00679
09118
01828
06105
10071
08239
05006
03068
09114
06018
10080
01196
21022
01171
05267
10210
08105
09100
04151
10074
01014
04199
00094
10282
00021
04163
05219
01174
05225
01953
10101
01897
07332
08155
08073
06161
07865
04023
01051
10000
08031
06189
08147
05265
00001
09010
05161
09027
08066
10326
01423
06019
10064
07139
04057
09153
07992
06107
09111
08214
08044
08061
03190
05011
10004
05102
21015
04224
08011
01511
03154
01805
04095
05204
05245
01177
06173
10201
03006
08054
08230
01734
10415
01556
07844
01516
08088
05182
04005
06129
03132
00133
08178
04171
01652
07893
01626
10193
10221
00175
06104
06069
00427
08158
10124
08196
05221
01670
07591
05028
01452
03173
05070
09225
07291
05158
10087
03134
06005
00167
03116
08222
05074
00123
10389
04051
07757
06085
01217
03201
03165
06023
01681
07836
07824
05272
06166
09217
07932
04167
01601
01064
01600
03058
01602
10135
10416
01224
08091
09162
08247
08168
05025
10329
01212
03218
01720
01564
06006
07193
05039
06015
03214
08192
03121
05263
03033
04055
06067
07907
00387
03036
07917
07909
02011
05017
06010
21008
10007
05036
06182
08278
06050
06162
08250
07914
08099
10258
04101
06116
07105
00257
08040
03185
05211
00027
09156
00413
08100
07919
03177
08085
04132
05220
08075
04156
06059
00420
05326
08056
10147
08113
04068
10242
09164
09301
04060
04124
04027
01179
04235
10069
08035
08001
01360
01327
03018
00536
06178
10013
03065
03131
04047
00259
04064
01788
09169
00267
08257
01168
10421
07176
09220
06099
07819
10155
05160
10403
01421
03077
06060
04144
08046
09071
03119
05076
07814
09060
10144
08169
08111
06063
04142
01799
05296
06043
01695
09197
07928
07871
09093
00652
04164
07375
06154
10353
00142
06106
07173
07738
07769
03200
07854
04189
01059
08033
09183
07881
01309
05293
10216
04201
04208
21026
07655
09033
00144
07973
01634
03025
06058
03055
06191
03182
03149
06098
08067
05264
06041
07822
05329
02016
06102
04185
10299
00114
03080
01753
01344
06024
07990
00656
00174
04059
08251
06132
07148
09150
01627
05032
07121
05143
00447
01966
09035
05110
07436
09075
05167
09210
05081
01395
10047
08184
10387
09205
06079
05136
08133
05085
05181
01822
08260
01548
06148
03210
05325
07177
08053
00689
04248
09226
05133
09084
03127
01447
08041
07955
04143
10110
07894
08173
07839
07851
06110
00492
01868
09129
09031
07816
01411
09272
09051
03191
00011
10044
10203
05118
03143
07658
10010
10134
10318
04153
09285
01126
10098
10025
06049
08102
08209
04207
09017
08210
05222
03013
10303
07885
05317
07940
04114
04113
00036
01763
08096
05237
07950
06088
09194
01165
03078
06051
00566
03020
05113
01487
07953
01517
10015
10360
10005
03176
08268
06066
09133
07748
08093
01068
04123
04000
08072
03073
00445
06181
00040
10121
03180
03151
03001
05171
04191
09278
05289
03224
09145
01410
01697
03215
10034
00016
06142
04240
03012
10105
05154
03212
01104
00396
07853
05063
04011
05287
05021
07825
05015
04183
00378
06021
04017
10020
08030
05259
03213
00065
07895
01454
01238
10323
01712
10116
03162
07030
08152
07267
04141
04121
08279
10234
04061
00074
04154
05320
01708
08182
04100
09182
07970
08187
07195
10035
21007
07952
03069
04166
21035
03183
03122
03194
05031
01084
00125
09200
06048
04120
08174
01054
03198
10054
05286
00570
01471
04014
07296
05178
06065
07852
04197
09173
01746
06095
07134
00232
05307
03111
04024
05290
10052
06074
01808
05292
09198
07911
03110
06044
01248
01994
07906
05312
00045
04232
09028
08045
09157
03053
01273
01533
10113
00132
03164
03150
10392
06057
07145
06046
05258
05123
04008
09258
08089
09237
05056
05145
07221
10307
03084
06126
06100
04196
00113
06200
07960
09023
08267
09165
04058
03129
01513
07567
06004
10149
09135
06076
03082
03034
01890
07004
09171
01031
06123
08116
08229
07829
08097
04111
07948
04006
04012
09072
01018
09193
09131
09112
04205
06140
05184
08212
06056
04176
08144
03062
08015
09163
06115
10276
10317
10376
08115
08281
08004
07694
03063
07192
00197
00675
06072
08208
06071
09161
05084
09088
04009
03142
03219
03029
09192
10092
07592
05111
10422
09054
03076
02042
05253
07862
01984
07880
10085
07878
07062
03156
03159
10208
04102
06186
09127
01827
00018
06103
00048
09005
06064
03035
03128
04080
01455
